5
6
9
12
15
16
17
18
19
24
25
28
29
31
33
34
35
36
43
44
45
67
73
89
94
96
99
110
111
118
124
127
128
131
149
157
161
164
168
174
177
178
179
182
185
186
188
193
197
214
216
219
221
227
228
246
251
273
274
277
283
288
301
302
303
307
320
324
341
345
346
349
352
365
367
375
377
380
381
382
384
386
398
402
404
410
414
421
438
449
451
453
456
457
458
459
462
465
472
473
475
477
480
489
491
496
497
499
501
502
503
504
505
508
510
511
512
513
516
517
520
521
522
523
524
541
545
548
550
552
553
561
582
589
606
671
679
682
690
693
696
699
700
704
711
713
715
717
723
744
745
751
759
763
771
774
775
779
780
785
786
787
790
793
794
795
808
812
813
814
816
820
821
843
845
848
849
854
863
869
872
911
929
932
934
936
938
940
941
942
946
949
953
956
957
958
961
962
963
964
965
966
967
971
976
1000
1078
1096
1101
1102
1105
1113
1119
1123
1130
1132
1133
1142
1144
1145
1149
1155
1161
1166
1168
1171
1176
1179
1182
1183
1184
1185
1226
1230
1232
1265
1274
1284
1286
1293
1294
1296
1297
1304
1305
1306
1310
1315
1316
1324
1326
1327
1328
1330
1339
1340
1344
1347
1350
1352
1354
1356
1361
1366
1370
1375
1380
1381
1382
1383
1387
1388
1390
1393
1397
1398
1403
1404
1432
1437
1459
1508
1511
1517
1520
1522
1524
1532
1541
1542
1548
1549
1550
1555
1557
1561
1563
1571
1581
1583
1584
1592
1596
1597
1598
1602
1603
1604
1606
1610
1613
1615
1617
1619
1624
1625
1626
1627
1634
1636
1641
1644
1650
1652
1655
1657
1658
1665
1673
1674
1676
1677
1678
1682
1683
1689
1692
1702
1703
1709
1715
1756
1766
1767
1768
1778
1782
1785
1790
1792
1800
1804
1815
1816
1817
1826
1827
1831
1836
1840
1843
1844
1845
1859
1860
1864
1865
1874
1875
1878
1879
1882
1886
1887
1889
1902
1959
2011
2018
2021
2026
2040
2049
2069
2093
2120
2138
2153
2154
2185
2191
2193
2216
2221
2224
2225
2228
2229
2232
2233
2234
2235
2236
2237
2238
2241
2243
2253
2258
2259
2261
2271
2272
2278
2279
2281
2282
2283
2284
2285
2288
2289
2290
2291
2292
2295
2296
2298
2371
2387
2389
2391
2396
2406
2414
2416
2418
2424
2426
2427
2442
2443
2444
2449
2451
2452
2460
2464
2466
2468
2471
2474
2476
2478
2481
2482
2484
2485
2490
2491
2494
2508
2511
2513
2516
2517
2518
2519
2522
2534
2542
2552
2554
2557
2558
2559
2560
2562
2563
2572
2573
2577
2582
2583
2584
2587
2591
2593
2596
2600
2602
2603
2605
2607
2608
2610
2614
2618
2621
2623
2626
2627
2628
2629
2635
2636
2641
2643
2644
2646
2649
2652
2656
2658
2659
2662
2665
2667
2670
2672
2673
2676
2677
2678
2679
2680
2683
2684
2686
2687
2690
2700
2701
2705
2710
2733
2742
2748
2749
2754
2756
2760
2763
2778
2795
2811
2828
2831
2832
2836
2841
2845
2846
2847
2850
2852
2857
2862
2870
2875
2876
2881
2883
2884
2886
2888
2890
2894
2895
2896
2899
2902
2921
2963
2999
3051
3110
3138
3139
3149
3180
3197
3214
3218
3219
3222
3226
3227
3230
3231
3232
3237
3277
3300
3301
3302
3305
3311
3312
3316
3337
3340
3341
3342
3347
3350
3363
3368
3371
3378
3390
3394
3396
3397
3400
3407
3410
3416
3418
3419
3422
3425
3436
3437
3439
3443
3444
3448
3449
3450
3454
3459
3460
3462
3464
3467
3468
3469
3471
3473
3475
3477
3479
3481
3482
3485
3486
3487
3490
3493
3494
3495
3499
3501
3502
3505
3508
3509
3512
3513
3514
3515
3522
3532
3533
3536
3540
3541
3543
3550
3551
3552
3555
3556
3557
3558
3559
3560
3563
3564
3565
3566
3579
3584
3596
3610
3612
3615
3616
3618
3619
3621
3623
3625
3637
3641
3656
3663
3667
3668
3670
3671
3675
3687
3692
3695
3703
3704
3708
3709
3712
3732
3738
3740
3742
3757
3785
3893
3907
3908
3911
3912
3914
3915
3919
3923
3927
3928
3930
3931
3941
3943
3948
3950
3956
3957
3959
3961
3962
3964
3966
3973
3974
3976
3981
3982
3983
3985
3987
3989
3990
3995
3996
3998
3999
4005
4006
4007
4034
4035
4036
4043
4047
4050
4051
4054
4055
4056
4057
4058
4061
4073
4074
4079
4083
4084
4085
4086
4090
4092
4096
4107
4115
4119
4120
4138
4140
4141
4147
4154
4162
4213
4216
4261
4271
4310
4346
4350
4378
4380
4396
4398
4402
4403
4405
4406
4408
4415
4418
4420
4424
4426
4432
4434
4439
4443
4445
4446
4447
4452
4459
4460
4464
4465
4498
4499
4504
4505
4510
4513
4514
4515
4516
4517
4520
4528
4529
4530
4534
4535
4537
4539
4540
4545
4550
4552
4554
4556
4559
4560
4562
4563
4564
4565
4568
4569
4570
4571
4573
4578
4584
4587
4588
4592
4595
4596
4609
4610
4613
4614
4617
4618
4628
4635
4638
4639
4651
4653
4654
4655
4664
4665
4666
4667
4668
4671
4672
4673
4674
4709
4712
4713
4715
4716
4718
4720
4725
4732
4736
4738
4739
4740
4743
4744
4745
4747
4749
4753
4755
4758
4759
4762
4763
4764
4766
4768
4769
4770
4772
4774
4775
4776
4778
4779
4781
4791
4792
4794
4796
4803
4806
4812
4827
4858
4937
4939
4940
4947
4952
4968
4974
4976
4981
4992
5040
5041
5043
5059
5075
5097
5098
5101
5106
5108
5116
5123
5124
5127
5128
5131
5134
5135
5136
5138
5139
5140
5141
5145
5148
5152
5153
5157
5159
5161
5165
5169
5170
5171
5178
5179
5180
5184
5189
5194
5196
5197
5200
5201
5203
5207
5209
5211
5212
5214
5215
5217
5218
5220
5225
5227
5228
5229
5230
5231
5234
5238
5241
5242
5245
5264
5268
5274
5277
5279
5283
5286
5289
5290
5291
5292
5293
5296
5297
5302
5304
5306
5309
5310
5311
5312
5313
5314
5315
5318
5319
5320
5321
5322
5325
5340
5354
5375
5377
5378
5383
5388
5389
5397
5398
5400
5403
5414
5419
5430
5433
5439
5445
5447
5448
5450
5451
5458
5459
5462
5464
5484
5541
5547
5556
5557
5558
5564
5579
5583
5599
5602
5603
5619
5620
5623
5632
5633
5634
5642
5644
5655
5723
5724
5731
5732
5745
5747
5759
5762
5763
5766
5767
5768
5769
5770
5773
5774
5775
5776
5777
5778
5782
5806
5808
5822
5823
5824
5837
5867
5924
5925
5930
5985
6001
6003
6014
6018
6024
6028
6034
6036
6039
6049
6051
6064
6066
6067
6069
6070
6071
6072
6075
6076
6077
6078
6079
6080
6081
6098
6100
6101
6104
6108
6111
6113
6119
6120
6121
6125
6129
6131
6132
6133
6136
6141
6144
6145
6150
6152
6155
6157
6161
6162
6166
6174
6177
6181
6184
6197
6208
6209
6212
6217
6219
6220
6225
6230
6231
6232
6233
6236
6239
6240
6241
6250
6251
6255
6256
6257
6260
6261
6263
6268
6269
6274
6275
6278
6280
6285
6288
6289
6290
6304
6314
6317
6318
6323
6327
6329
6335
6338
6342
6347
6349
6356
6359
6360
6361
6364
6368
6369
6372
6373
6374
6387
6388
6391
6394
6398
6399
6400
6403
6410
6412
6415
6418
6419
6420
6423
6427
6435
6436
6438
6473
6544
6546
6548
6571
6573
6575
6579
6585
6591
6594
6599
6605
6616
6622
6626
6628
6632
6634
6636
6637
6638
6646
6651
6652
6653
6654
6656
6661
6663
6664
6667
6668
6670
6671
6675
6677
6682
6691
6693
6695
6723
6725
6738
6739
6742
6743
6744
6745
6759
6762
6763
6785
6795
6797
6798
6799
6802
6818
6820
6828
6831
6834
6836
6838
6840
6856
6857
6860
6863
6864
6865
6868
6886
6889
6891
6910
6912
6913
6914
6917
6921
6941
6943
6947
6964
6966
6971
6977
6979
6981
6983
7004
7006
7009
7011
7015
7016
7021
7023
7028
7029
7031
7032
7036
7039
7055
7061
7062
7067
7068
7073
7077
7081
7084
7085
7091
7100
7101
7102
7103
7106
7110
7112
7113
7116
7118
7120
7122
7125
7132
7155
7162
7165
7166
7167
7175
7179
7180
7182
7184
7189
7190
7191
7192
7193
7194
7220
7275
7281
7299
7384
7423
7462
7463
7469
7470
7476
7480
7481
7484
7504
7523
7529
7532
7535
7537
7539
7541
7542
7600
7606
7608
7612
7617
7623
7626
7630
7632
7636
7655
7656
7678
7680
7681
7703
7748
7797
7799
7824
7826
7829
7837
7838
7845
7847
7851
7856
7886
7990
7991
8002
8004
8006
8014
8015
8017
8026
8031
8035
8046
8063
8077
8089
8090
8093
8124
8128
8129
8133
8141
8144
8149
8153
8157
8158
8160
8164
8175
8176
8199
8200
8263
8265
8269
8275
8279
8282
8284
8285
8287
8291
8294
8295
8297
8312
8314
8315
8316
8317
8318
8322
8325
8326
8328
8335
8337
8340
8342
8343
8344
8348
8349
8355
8366
8400
8433
8442
8443
8448
8450
8455
8456
8461
8464
8465
8466
8468
8470
8473
8479
8480
8481
8484
8485
8486
8489
8492
8493
8499
8500
8504
8507
8510
8511
8512
8520
8521
8522
8523
8524
8527
8532
8533
8534
8543
8544
8549
8553
8561
8577
8578
8579
8604
8628
8630
8632
8634
8636
8639
8640
8642
8645
8646
8647
8649
8650
8652
8654
8656
8658
8661
8663
8666
8669
8675
8676
8678
8679
8689
8691
8693
8695
8697
8698
8701
8704
8706
8708
8711
8712
8713
8717
8721
8723
8724
8725
8726
8729
8730
8731
8732
8735
8754
8757
8769
8771
8773
8775
8778
8782
8784
8786
8787
8791
8793
8795
8798
8805
8806
8807
8814
8816
8818
8819
8820
8821
8825
8829
8830
8831
8833
8837
8838
8839
8842
8843
8857
8859
8860
8861
8863
8864
8867
8869
8870
8876
8878
8879
8880
8887
8889
8890
8891
8893
8897
8901
8904
8906
8907
8909
8911
8914
8915
8916
8923
8925
8929
8942
8943
8946
8948
8949
8950
8951
8970
8973
8974
8977
8978
8979
8980
8981
8985
8992
9001
9003
9005
9007
9012
9018
9020
9023
9029
9031
9032
9037
9039
9043
9045
9047
9049
9052
9053
9054
9061
9064
9065
9069
9071
9072
9087
9096
9103
9116
9134
9156
9161
9173
9174
9177
9182
9192
9197
9200
9202
9204
9208
9209
9213
9217
9221
9227
9228
9232
9233
9234
9235
9236
9239
9240
9241
9243
9245
9246
9247
9248
9249
9250
9251
9252
9253
9257
9258
9259
9260
9261
9262
9263
9264
9265
9268
9269
9270
9280
9281
9282
9283
9284
9285
9286
9289
9290
9291
9292
9295
9296
9297
9298
9301
9305
9306
9307
9310
9311
9312
9313
9314
9320
9322
9323
9324
9326
9328
9329
9330
9359
9383
9396
9398
9411
9412
9426
9427
9448
9463
9467
9472
9489
9536
9538
9544
9552
9572
9574
9611
9614
9632
9635
9675
9712
9723
9728
9737
9743
9745
9762
9765
9767
9769
9771
9772
9773
9776
9782
9784
9787
9788
9790
9798
9799
9800
9803
9835
9853
9904
9910
9957
9975
9978
9979
9982
9985
9993
9995
9996
9997
10000
10001
10002
10009
10022
10023
10027
10030
10031
10034
10048
10052
10053
10055
10058
10059
10065
10067
10069
10080
10085
10086
10088
10090
10092
10096
10097
10098
10099
10102
10105
10106
10109
10112
10131
10134
10150
10153
10154
10157
10158
10169
10171
10172
10174
10175
10179
10200
10204
10206
10208
10211
10212
10213
10227
10231
10233
10242
10244
10248
10251
10252
10253
10258
10260
10275
10279
10280
10283
10284
10303
10306
10308
10311
10321
10337
10340
10343
10344
10349
10350
10351
10354
10355
10356
10359
10404
10430
10458
10459
10465
10467
10477
10481
10482
10510
10519
10556
10562
10563
10574
10577
10585
10588
10591
10592
10601
10602
10603
10606
10607
10609
10610
10614
10615
10617
10620
10621
10622
10633
10652
10653
10657
10661
10662
10664
10668
10670
10672
10675
10676
10678
10679
10684
10685
10686
10687
10688
10704
10731
10733
10735
10736
10743
10748
10749
10753
10756
10766
10773
10781
10789
10790
10794
10799
10802
10803
10804
10809
10811
10815
10817
10818
10823
10844
10846
10867
10872
10881
10883
10886
10887
10896
10897
10900
10910
10916
10920
10921
10922
10926
10927
10929
10932
10936
10938
10946
10949
10953
10956
10958
10961
10964
10965
10966
10970
10979
10982
10983
10984
11017
11034
11065
11071
11074
11080
11086
11094
11095
11096
11098
11101
11107
11119
11120
11123
11136
11157
11166
11169
11171
11176
11181
11182
11190
11191
11195
11198
11207
11209
11210
11221
11223
11233
11252
11266
11280
11303
11306
11309
11311
11312
11317
11318
11319
11325
11326
11345
11348
11365
11375
11378
11379
11384
11389
11392
11425
11434
11441
11446
11449
11450
11451
11452
11456
11459
11462
11466
11467
11469
11470
11474
11475
11479
11481
11482
11483
11484
11485
11486
11487
11490
11491
11492
11505
11506
11508
11509
11516
11520
11524
11525
11527
11531
11533
11535
11537
11547
11550
11554
11556
11576
11577
11582
11586
11589
11590
11593
11596
11597
11601
11603
11604
11606
11607
11608
11609
11632
11636
11640
11641
11642
11648
11650
11653
11654
11655
11656
11659
11660
11663
11666
11667
11668
11670
11671
11689
11693
11694
11701
11703
11707
11708
11725
11739
11772
11790
11793
11800
11801
11805
11808
11810
11813
11816
11823
11834
11848
11861
11863
11867
11869
11873
11877
11879
11881
11887
11888
11894
11899
11905
11907
11909
11910
11911
11912
11915
11916
11917
11924
11930
11934
11950
11965
11982
